0
1
3
7
15
19
20
21
23
28
29
31
54
55
58
59
62
63
126
127
183
184
185
187
191
207
220
221
223
254
255
495
511
1023
1043
1044
1045
1047
1052
1053
1055
1062
1063
1064
1065
1066
1067
1070
1071
1078
1079
1082
1083
1084
1085
1086
1087
1132
1133
1134
1135
1150
1151
1188
1189
1191
1192
1193
1195
1196
1197
1199
1207
1208
1209
1211
1212
1213
1215
1228
1229
1231
1244
1245
1247
1260
1261
1262
1263
1278
1279
1516
1517
1519
1535
1536
1537
1539
1541
1543
1551
1555
1556
1557
1559
1564
1565
1567
1572
1573
1574
1575
1576
1577
1578
1579
1580
1581
1582
1583
1590
1591
1594
1595
1596
1597
1598
1599
1644
1645
1646
1647
1662
1663
1700
1701
1703
1704
1705
1707
1708
1709
1711
1719
1720
1721
1723
1724
1725
1727
1740
1741
1743
1756
1757
1759
1772
1773
1774
1775
1790
1791
2028
2029
2031
2047
3126
3127
3130
3131
3134
3135
3164
3165
3166
3167
3198
3199
3219
3220
3221
3223
3224
3225
3227
3228
3229
3231
3254
3255
3256
3257
3258
3259
3262
3263
3272
3273
3274
3275
3278
3279
3290
3291
3292
3293
3294
3295
3326
3327
3347
3348
3349
3350
3351
3356
3357
3359
3364
3365
3366
3367
3368
3369
3370
3371
3372
3373
3374
3375
3382
3383
3384
3385
3386
3387
3388
3389
3390
3391
3400
3401
3402
3403
3404
3405
3406
3407
3418
3419
3420
3421
3422
3423
3436
3437
3438
3439
3454
3455
3475
3476
3477
3478
3479
3480
3481
3482
3483
3484
3485
3486
3487
3492
3493
3494
3495
3496
3497
3498
3499
3500
3501
3502
3503
3510
3511
3512
3513
3514
3515
3516
3517
3518
3519
3528
3529
3530
3531
3532
3533
3534
3535
3546
3547
3548
3549
3550
3551
3564
3565
3566
3567
3582
3583
3840
3841
3842
3843
3846
3847
3849
3851
3855
3858
3859
3860
3861
3862
3863
3864
3865
3866
3867
3868
3869
3870
3871
3894
3895
3896
3897
3898
3899
3902
3903
3912
3913
3914
3915
3918
3919
3930
3931
3932
3933
3934
3935
3966
3967
3968
3969
3970
3971
3974
3975
3976
3977
3978
3979
3982
3983
3986
3987
3988
3989
3990
3991
3992
3993
3994
3995
3996
3997
3998
3999
4022
4023
4024
4025
4026
4027
4030
4031
4040
4041
4042
4043
4046
4047
4058
4059
4060
4061
4062
4063
4094
4095
7294
7295
7350
7351
7352
7353
7354
7355
7358
7359
7368
7369
7370
7371
7374
7375
7386
7387
7388
7389
7390
7391
7422
7423
7571
7572
7573
7575
7580
7581
7583
7588
7589
7590
7591
7592
7593
7594
7595
7596
7597
7598
7599
7606
7607
7610
7611
7612
7613
7614
7615
7660
7661
7662
7663
7678
7679
8064
8065
8066
8067
8070
8071
8078
8079
8082
8083
8084
8085
8086
8087
8092
8093
8094
8095
8118
8119
8122
8123
8126
8127
8190
8191
11443
11447
11448
11449
11451
11455
11458
11459
11462
11463
11464
11465
11466
11467
11470
11471
11475
11476
11477
11478
11479
11480
11481
11482
11483
11484
11485
11486
11487
11507
11510
11511
11512
11513
11514
11515
11518
11519
11600
11601
11603
11604
11605
11607
11612
11613
11615
11616
11617
11618
11619
11620
11621
11622
11623
11624
11625
11626
11627
11628
11629
11630
11631
11632
11633
11634
11635
11636
11637
11638
11639
11640
11641
11642
11643
11644
11645
11646
11647
11744
11745
11747
11748
11749
11751
11752
11753
11755
11756
11757
11759
11760
11761
11763
11764
11765
11767
11768
11769
11771
11772
11773
11775
12112
12113
12115
12116
12117
12119
12120
12121
12123
12124
12125
12127
12144
12145
12146
12147
12150
12151
12152
12153
12154
12155
12158
12159
12272
12273
12275
12279
12280
12281
12283
12287
12486
12487
12495
12502
12503
12508
12509
12511
12534
12535
12536
12537
12538
12539
12542
12543
12576
12577
12579
12581
12583
12591
12593
12595
12596
12597
12598
12599
12604
12605
12607
12640
12641
12642
12643
12645
12646
12647
12649
12651
12655
12657
12658
12659
12660
12661
12662
12663
12664
12665
12666
12667
12668
12669
12670
12671
12768
12769
12771
12773
12774
12775
12783
12784
12785
12787
12788
12789
12790
12791
12796
12797
12799
13104
13105
13107
13110
13111
13119
13168
13169
13170
13171
13174
13175
13177
13179
13183
13296
13297
13299
13302
13303
13311
13526
13527
13532
13533
13535
13542
13543
13544
13545
13546
13547
13550
13551
13558
13559
13560
13561
13562
13563
13564
13565
13566
13567
13619
13620
13621
13623
13628
13629
13631
13666
13667
13668
13669
13670
13671
13672
13673
13674
13675
13676
13677
13678
13679
13683
13684
13685
13686
13687
13688
13689
13690
13691
13692
13693
13694
13695
13792
13793
13795
13796
13797
13798
13799
13804
13805
13807
13808
13809
13811
13812
13813
13814
13815
13820
13821
13823
13906
13907
13910
13911
13914
13915
13918
13919
13938
13939
13942
13943
13944
13945
13946
13947
13948
13949
13950
13951
14001
14002
14003
14004
14005
14006
14007
14008
14009
14010
14011
14012
14013
14014
14015
14016
14017
14019
14021
14022
14023
14031
14032
14033
14035
14036
14037
14038
14039
14044
14045
14047
14049
14050
14051
14052
14053
14054
14055
14056
14057
14058
14059
14060
14061
14062
14063
14065
14066
14067
14068
14069
14070
14071
14072
14073
14074
14075
14076
14077
14078
14079
14112
14113
14115
14117
14119
14127
14128
14129
14131
14132
14133
14134
14135
14140
14141
14143
14176
14177
14178
14179
14180
14181
14182
14183
14184
14185
14186
14187
14188
14189
14190
14191
14192
14193
14194
14195
14196
14197
14198
14199
14200
14201
14202
14203
14204
14205
14206
14207
14304
14305
14307
14308
14309
14310
14311
14316
14317
14319
14320
14321
14323
14324
14325
14326
14327
14332
14333
14335
15606
15607
15608
15609
15610
15611
15614
15615
15732
15733
15734
15735
15740
15741
15742
15743
15795
15796
15797
15799
15800
15801
15803
15804
15805
15807
15827
15828
15829
15830
15831
15836
15837
15839
15842
15843
15844
15845
15846
15847
15848
15849
15850
15851
15852
15853
15854
15855
15859
15860
15861
15862
15863
15864
15865
15866
15867
15868
15869
15870
15871
16176
16177
16178
16179
16182
16183
16184
16185
16186
16187
16190
16191
16208
16209
16210
16211
16212
16213
16214
16215
16216
16217
16218
16219
16220
16221
16222
16223
16240
16241
16242
16243
16246
16247
16248
16249
16250
16251
16254
16255
16304
16305
16306
16307
16310
16311
16312
16313
16314
16315
16318
16319
16320
16321
16322
16323
16326
16327
16329
16331
16335
16336
16337
16338
16339
16340
16341
16342
16343
16344
16345
16346
16347
16348
16349
16350
16351
16368
16369
16370
16371
16374
16375
16376
16377
16378
16379
16382
16383
31200
31201
31203
31205
31207
31215
31217
31219
31220
31221
31223
31228
31229
31231
31440
31441
31443
31446
31447
31455
31472
31473
31474
31475
31477
31478
31479
31482
31483
31487
31728
31729
31731
31733
31735
31743
32243
32244
32245
32247
32252
32253
32255
32496
32497
32498
32499
32502
32503
32504
32505
32506
32507
32510
32511
32736
32737
32739
32741
32743
32751
32752
32753
32755
32756
32757
32759
32764
32765
32767
65520
65521
65523
65527
65535
76983
76984
76985
76987
76991
77000
77001
77002
77003
77006
77007
77018
77019
77020
77021
77022
77023
77054
77055
77128
77129
77131
77132
77133
77135
77147
77148
77149
77151
77164
77165
77166
77167
77182
77183
77292
77293
77295
77311
77640
77641
77643
77647
77659
77660
77661
77663
77694
77695
77823
78030
78031
78044
78045
78046
78047
78078
78079
78117
78119
78121
78123
78125
78127
78134
78135
78137
78139
78140
78141
78142
78143
78157
78158
78159
78172
78173
78174
78175
78189
78190
78191
78206
78207
78245
78246
78247
78249
78251
78253
78254
78255
78262
78263
78265
78267
78268
78269
78270
78271
78285
78286
78287
78300
78301
78302
78303
78317
78318
78319
78334
78335
78593
78595
78599
78601
78603
78607
78612
78613
78614
78615
78617
78619
78620
78621
78622
78623
78646
78647
78648
78649
78650
78651
78654
78655
78665
78667
78670
78671
78683
78684
78685
78686
78687
78718
78719
78727
78729
78731
78734
78735
78740
78741
78742
78743
78745
78747
78748
78749
78750
78751
78774
78775
78776
78777
78778
78779
78782
78783
78793
78795
78798
78799
78811
78812
78813
78814
78815
78846
78847
79068
79069
79070
79071
79086
79087
79102
79103
79159
79163
79164
79165
79167
79196
79197
79198
79199
79212
79213
79214
79215
79230
79231
79269
79271
79276
79277
79278
79279
79287
79292
79293
79294
79295
79308
79309
79310
79311
79324
79325
79326
79327
79340
79341
79342
79343
79358
79359
79451
79454
79455
79486
79487
79511
79513
79515
79517
79519
79542
79543
79544
79545
79546
79547
79548
79549
79550
79551
79561
79563
79564
79565
79566
79567
79579
79580
79581
79582
79583
79596
79597
79598
79599
79614
79615
79637
79639
79641
79643
79644
79645
79646
79647
79653
79654
79655
79656
79657
79658
79659
79660
79661
79662
79663
79670
79671
79672
79673
79674
79675
79676
79677
79678
79679
79689
79691
79692
79693
79694
79695
79707
79708
79709
79710
79711
79724
79725
79726
79727
79742
79743
79753
79755
79757
79759
79765
79767
79772
79773
79774
79775
79781
79782
79783
79784
79785
79786
79787
79788
79789
79790
79791
79798
79799
79800
79801
79802
79803
79804
79805
79806
79807
79817
79819
79820
79821
79822
79823
79835
79836
79837
79838
79839
79852
79853
79854
79855
79870
79871
81150
81151
81260
81261
81262
81263
81278
81279
81335
81336
81337
81339
81340
81341
81343
81353
81355
81356
81357
81358
81359
81371
81372
81373
81374
81375
81388
81389
81390
81391
81406
81407
81683
81684
81685
81686
81687
81688
81689
81690
81691
81692
81693
81694
81695
81718
81719
81720
81721
81722
81723
81726
81727
81737
81738
81739
81742
81743
81754
81755
81756
81757
81758
81759
81790
81791
81811
81812
81813
81814
81815
81816
81817
81818
81819
81820
81821
81822
81823
81846
81847
81848
81849
81850
81851
81854
81855
81864
81865
81866
81867
81870
81871
81882
81883
81884
81885
81886
81887
81918
81919
88517
88519
88525
88527
88534
88535
88540
88541
88542
88543
88557
88558
88559
88574
88575
88662
88663
88670
88671
88702
88703
88770
88771
88775
88778
88779
88782
88783
88788
88789
88790
88791
88793
88794
88795
88796
88797
88798
88799
88806
88807
88810
88811
88814
88815
88820
88821
88822
88823
88825
88826
88827
88828
88829
88830
88831
88979
88981
88983
88985
88986
88987
88988
88989
88990
88991
88999
89001
89003
89005
89007
89012
89013
89014
89015
89018
89019
89020
89021
89022
89023
89029
89030
89031
89037
89038
89039
89046
89047
89052
89053
89054
89055
89069
89070
89071
89086
89087
89559
89564
89565
89567
89580
89581
89582
89583
89598
89599
89726
89727
89812
89813
89814
89815
89818
89819
89820
89821
89822
89823
89829
89830
89831
89834
89835
89836
89837
89838
89839
89844
89845
89846
89847
89850
89851
89852
89853
89854
89855
90021
90023
90024
90025
90026
90027
90029
90031
90036
90037
90038
90039
90042
90043
90044
90045
90046
90047
90052
90053
90054
90055
90060
90061
90062
90063
90070
90071
90076
90077
90078
90079
90092
90093
90094
90095
90110
90111
96741
96743
96745
96747
96749
96751
96757
96759
96761
96763
96764
96765
96767
96979
96982
96983
96985
96986
96987
96990
96991
97010
97011
97013
97014
97015
97016
97017
97018
97019
97020
97021
97022
97023
97091
97095
97099
97103
97107
97108
97109
97111
97113
97115
97116
97117
97119
97122
97123
97126
97127
97130
97131
97133
97134
97135
97139
97140
97141
97142
97143
97145
97146
97147
97148
97149
97150
97151
97249
97251
97253
97255
97257
97259
97261
97263
97267
97268
97269
97271
97272
97273
97275
97276
97277
97279
97783
97787
97788
97789
97791
98035
98038
98039
98040
98041
98042
98043
98046
98047
98115
98117
98119
98123
98125
98127
98131
98132
98133
98135
98137
98139
98140
98141
98143
98147
98149
98150
98151
98153
98154
98155
98156
98157
98158
98159
98163
98164
98165
98166
98167
98169
98170
98171
98172
98173
98174
98175
98275
98277
98279
98280
98281
98283
98284
98285
98287
98291
98292
98293
98295
98296
98297
98299
98300
98301
98303
119623
119631
119639
119647
119671
119679
119799
119807
120663
120671
120678
120679
120686
120687
120694
120695
120702
120703
120803
120805
120807
120811
120812
120813
120815
120819
120820
120821
120823
120827
120828
120829
120831
122742
122743
122750
122751
122835
122836
122837
122839
122841
122843
122844
122845
122847
122866
122867
122870
122871
122873
122874
122875
122878
122879
131056
131057
131059
131063
131064
131065
131067
131071
227823
227839
228023
228025
228027
228029
228031
228047
228061
228063
228079
228094
228095
228335
228351
228863
229047
229048
229049
229051
229052
229053
229055
229069
229071
229084
229085
229087
229101
229102
229103
229118
229119
229357
229359
229375
241500
241501
241503
241514
241515
241518
241519
241534
241535
241643
241647
241663
242467
242471
242479
242487
242495
242543
242559
242687
243511
243519
243558
243559
243566
243567
243579
243582
243583
243683
243687
243693
243695
243699
243702
243703
243708
243709
243711
245630
245631
245687
245691
245693
245695
245724
245725
245727
245738
245739
245742
245743
245758
245759
261091
261095
261103
261111
261117
261119
262135
262140
262141
262143
520157
520159
520191
524286
524287
1048575
